ID_REF	GSM918942	GSM918943	GSM918944	GSM918945	GSM918946	GSM918947	GSM918948	GSM918949
1	0.002908561	0.004549935	0.021626957	0.015697885	0.005178485	0.00498247	0.005311656	0.010319512
2	0.01039278	0.010017933	0.038167632	0.040012373	0.010484615	0.010744884	0.011629359	0.023468306
3	0.006034899	0.010552801	0.035375773	0.027333613	0.007408354	0.00969822	0.0095548	0.015315651
4	0.036536225	0.039545045	0.206723241	0.134982567	0.048466602	0.047407718	0.043124256	0.078006573
5	3.20908E-05	1.93053E-05	0.001098035	0.000497471	0.000586331	7.69788E-05	0.000127144	0.000261056
6	0.006075675	0.00895889	0.028602092	0.023190761	0.018137177	0.013841026	0.014897999	0.020824166
7	5.70715E-05	6.45911E-06	0.000586506	4.5612E-05	1.59395E-06	2.31665E-05	2.286E-05	9.13194E-06
8	7.7104E-07	3.34457E-07	7.83633E-08	2.80534E-08	4.06814E-07	0	1.08722E-07	4.79906E-08
9	0.000920279	0.002875626	0.005763391	0.00498025	0.001201598	0.001829219	0.00196393	0.002793297
10	0.006736899	0.010651399	0.032586777	0.053827342	0.016698077	0.015633599	0.014485591	0.022627759
11	0.957733967	0.948333069	1.054862165	1.021972234	0.875284999	0.889614834	0.956536798	0.973672499
12	1.038972432	0.974284318	1.139675023	1.059042877	0.985149616	1.165284115	1.060229711	1.01293142
13	5.36031E-05	0.000323207	3.173992018	0.00022277	0.000122474	5.13755E-05	2.3459E-05	0.000111043
14	0.000643152	0.00262371	0.003362359	0.001765081	0.000809131	0.000355015	0.000711031	0.002270616
15	0.417943658	0.259460666	0.118131408	0.26328806	0.188680698	0.161972383	0.106298222	0.155364253
16	0.26090968	0.189922633	0.163313108	0.107308332	0.098952759	0.076575078	0.08597228	0.094045551
17	0.000588041	0.000416422	0.002102746	0.000581935	0.000316523	0.000205043	0.000335037	0.000887929
18	2.37266E-06	4.93343E-07	7.99222E-06	9.2094E-07	1.56846E-06	3.06655E-07	3.44899E-07	8.28317E-07
19	0.005854458	0.002900308	0.0088699	0.005427946	0.006149419	0.003972618	0.004582947	0.005974201
20	0.254577245	0.13122766	0.211609676	0.207935646	0.114922545	0.085564297	0.104909074	0.133004826
21	0.049515684	0.035827166	0.069854773	0.043951067	0.027865884	0.020417128	0.02882382	0.051626568
22	0.015598676	0.012073701	0.009126013	0.006067736	0.003047151	0.002481305	0.003698568	0.004043565
23	0.130580047	0.125824585	0.445967196	0.203545608	0.137232467	0.074597793	0.14367066	0.30512462
24	0.014258197	0.007670422	0.006203674	0.005117646	0.002155463	0.001348181	0.00240486	0.003288373
25	0.000186731	5.77929E-05	8.13416E-06	5.17043E-05	1.55561E-05	1.75903E-05	7.92706E-06	2.5232E-05
26	9.55939E-05	0.00018701	0.000263433	0.001483656	0.00040446	0.000144804	0.000157008	8.64653E-05
27	1.07236748	1.09484812	1.080485342	1.124804288	0.705834449	0.684297105	0.492272951	0.804215752
28	0.007724335	0.005942212	0.008179773	0.005364881	0.003466645	0.002140793	0.003241478	0.006701109
29	0.03601971	0.037571402	0.140793975	0.140471173	0.053745499	0.056080373	0.063576719	0.109794105
30	0.005133357	0.005799988	0.012618887	0.023980142	0.011243662	0.007839404	0.005868621	0.013317698
31	0.037735478	0.028919567	0.082473789	0.057797985	0.024235552	0.019104029	0.021515026	0.045173218
32	0.005488438	0.005335443	0.013379273	0.011682202	0.00421042	0.004575543	0.003494172	0.007824111
33	0.020514465	0.024639995	0.029957426	0.024604261	0.016928756	0.014208182	0.014075416	0.017233762
34	0.003149105	0.006751383	0.012228705	0.006050168	0.002831324	0.001962675	0.003426946	0.006897123
35	1.063719212	1.021022565	0.933506194	0.959411741	1.295228602	1.027810111	1.078038256	0.992079404
36	0.944765623	1.060029746	0.891058157	0.963035576	0.895368675	0.938541049	0.914669453	1.022022884
37	3.021536511	1.978660027	0.675248062	1.113497254	0.28834117	0.308123527	0.981773666	0.568586401
38	0.000124775	9.20079E-05	0.001357899	0.001688987	0.000301325	0.000312615	0.000413047	0.000999626
39	0.018750013	0.011223479	0.00749749	0.010758584	0.003398083	0.002960683	0.004415772	0.006993118
40	0.021153825	0.034529033	0.131771155	0.111038816	0.044919066	0.05334433	0.039982912	0.081946634
41	0.035723454	0.055822547	0.219873021	0.217924303	0.073006754	0.068670713	0.091194294	0.138740847
42	0.004740239	0.014574849	0.016607578	0.006458608	0.084733822	0.0340195	0.045732017	0.056659454
43	3.85905E-06	5.26725E-08	0.000103179	0.000148775	5.86857E-05	3.46566E-05	6.1887E-05	4.87869E-05
44	0	0	0	0	0	0	0	0
45	0.011677396	0.012894564	0.020490173	0.016483461	0.039512796	0.032955201	0.024882606	0.04311105
46	1.82806E-05	9.41304E-06	8.10992E-05	9.05639E-05	2.28422E-05	8.46741E-06	9.11793E-06	4.92521E-05
47	0.014435305	0.01247917	0.020755788	0.012421076	0.007663928	0.005094096	0.004909461	0.008178492
48	0.034096781	0.034429207	0.037859115	0.017811416	0.007922392	0.005749988	0.01012935	0.02035979
49	0.001820595	0.001269735	0.002064226	0.001273404	0.000594806	0.000774463	0.000950596	0.000643864
50	0	1.96237E-07	0	8.92468E-07	3.08605E-07	3.7308E-07	4.87753E-06	1.70642E-06
51	0	0	2.60526E-06	3.59563E-06	2.46691E-05	0	0	1.8956E-05
52	0.027799474	0.029934806	0.044567211	0.046290181	0.015764724	0.017592322	0.0107383	0.028051593
53	0.002542688	0.002679387	0.00842715	0.003905868	0.002118788	0.001352811	0.00200402	0.004267401
54	0.028476416	0.034933179	0.042016695	0.031714447	0.020217392	0.015122157	0.010700377	0.023311465
55	0.000263748	0.000119463	0.001428081	0.002062131	0.000720604	0.000674727	0.000459557	0.000823558
56	0.000825393	0.001279567	0.002871166	0.001543728	0.001174079	0.000743625	0.000672856	0.001518665
57	0	0	0	0	0	0	0	0
58	0.270714745	0.205686035	0.182968284	0.132485098	0.109893941	0.090038994	0.087844841	0.119849559
59	0.02552494	0.040652412	0.110270172	0.068278823	0.099614444	0.034773419	0.086604294	0.132520596
60	0.00408392	0.003947363	0.015686491	0.009118625	0.004722717	0.004262238	0.004998155	0.011362779
61	2.70957E-07	2.88179E-06	4.15232E-05	1.1814E-05	1.92568E-05	1.15321E-06	3.49292E-06	1.03201E-05
62	1.21778E-05	3.17238E-06	1.87234E-07	6.60051E-07	0	0	0	0
63	4.43353E-05	6.25225E-06	4.6946E-06	0	0	1.4102E-07	0	1.03832E-06
64	0.000205643	0.000174382	4.30707E-05	5.68002E-05	3.0142E-05	3.78143E-05	1.09144E-05	2.84675E-05
65	0.008690834	0.00824174	0.020440616	0.017406995	0.014044993	0.009345715	0.007758951	0.014327975
66	0.051380558	0.042796652	0.117583253	0.088773384	0.038713478	0.030721527	0.026270189	0.075196457
67	0.904298123	0.927901615	1.016084581	1.390589884	0.657043025	0.722896369	0.529159068	0.526889743
68	0.006970884	0.018287628	0.03314717	0.016416461	0.010061936	0.007057846	0.004765035	0.02029772
69	7.62697E-08	0	7.48293E-06	9.03178E-06	1.48116E-06	4.76602E-07	0	3.07243E-08
70	0.000159455	0.000185533	0.001416639	0.000458194	0.000276711	0.000162393	0.000121955	0.000248152
71	0	0.000666523	0	0.000862352	0	1.46623E-05	0	0
72	0	1.18699E-05	0	4.67849E-07	0	0	0	0
73	0.000736858	0.000599604	0.001579714	0.0009234	0.000343155	0.00064501	0.000536499	0.00091003
74	0.000567645	0.000729529	0.001191439	0.000283744	0.000205994	8.67556E-05	0.0001122	0.000138008
75	0.040253621	0.088249306	0.040406816	0.036843246	0.018213371	0.020376764	0.01910556	0.024000753
76	0.009799517	0.003443331	0.014605834	0.001942636	0.00057775	0.003973103	0.000863925	0.000611382
77	5.01654E-06	2.03297E-07	4.71223E-07	2.1592E-08	0	3.82422E-07	0	0
78	0.00038451	0.001140264	0.000248888	0.000264393	0.000134775	0.000287962	5.29075E-05	8.59752E-05
79	3.92004E-06	1.49666E-06	1.16631E-05	7.39525E-06	8.22567E-06	6.40884E-06	4.677E-06	1.84294E-05
80	7.61536E-07	1.41954E-06	4.00621E-06	0	6.98309E-05	5.88878E-05	9.89519E-05	0.000145093
81	0	5.80582E-08	0	3.59712E-08	2.08123E-08	3.87574E-08	0	0
82	2.58422E-05	3.29714E-05	2.95737E-06	1.16347E-06	7.44704E-06	2.00473E-05	5.37398E-07	1.10804E-05
83	3.71147E-05	9.30406E-05	0.000188763	0.00021207	0.004142013	0.003408484	0.004853453	0.002740927
84	0.000779191	0.000337957	0.000405295	0.000725228	0.000388199	0.000276984	0.000275464	7.4816E-05
85	0.007697434	0.010173513	0.020449048	0.041178012	0.010227446	0.012224979	0.010080307	0.007854306
86	0.003512657	0.001267273	0.000896963	0.001410179	0.001757133	0.001245347	0.000846999	0.000792534
87	0.053226089	0.035858768	0.092057527	0.107164725	0.075030384	0.046803776	0.045232024	0.065815924
88	1.8124E-05	3.18626E-05	9.75459E-06	1.65892E-05	1.16334E-05	9.44674E-06	7.80985E-06	2.56822E-05
89	0.003413218	0.001808771	0.032573984	0.025504896	0.065787065	0.028928072	0.043735493	0.09903474
90	4.82632E-05	8.14054E-06	0.000244663	0.000279424	0.000869252	0.000247704	0.000365647	0.000732155
91	0.024256536	0.025524663	0.071768596	0.065514543	0.013929302	0.031839329	0.018684029	0.025763234
92	0.033183673	0.06896823	0.30779389	0.258746275	0.027175657	0.082412372	0.048448989	0.06941352
93	0.057916225	0.041639188	0.088955739	0.212289364	0.378720061	0.218086708	0.240852595	0.209110368
94	0.000119374	0.000159718	0.000298953	0.000159933	0.000203655	7.58487E-05	6.34927E-05	0.000328261
95	0.167016133	0.289146341	0.218582075	0.168504147	0.604200486	0.405909427	0.220396982	0.311248438
96	0	1.01247E-06	2.06512E-07	3.94478E-07	9.2738E-07	0	1.21866E-07	2.71541E-06
97	0.002204141	0.004163019	0.004981296	0.006511921	0.014823778	0.007710008	0.008272891	0.00849004
98	0.002934097	0.002661219	0.005263173	0.007458638	0.002553141	0.001770924	0.002653208	0.005647376
99	0.000361266	0.002179634	0.003255077	0.005034471	0.000768485	0.001151564	0.000540041	0.001028015
100	0.107809587	0.150999926	0.138260648	0.171418771	0.845040124	0.431090821	0.554947183	0.722443916
101	0.027014118	0.022505708	0.036055983	0.036314688	0.012577585	0.016827641	0.010448201	0.025968266
102	0	0	1.27201E-07	1.68949E-07	4.26934E-07	0	0	0
103	0	7.69563E-08	0	7.1744E-08	0	0	0	0
104	0.000751026	0.001204242	0.001041271	0.001523643	0.000490559	0.000567589	0.00054025	0.001618506
105	0.001440274	0.000605969	0.000121301	0.000114236	7.30695E-05	1.49154E-05	7.20327E-05	0.000287978
106	6.74115E-08	3.25331E-07	8.67847E-08	3.37378E-08	9.83956E-08	1.55376E-07	3.66993E-07	3.91836E-08
107	0.066798447	0.220843879	0.414364841	0.598657185	0.593651744	0.266175142	0.43754957	0.539755334
108	7.13586E-06	8.3535E-06	9.28251E-08	1.0185E-07	3.88439E-06	4.46349E-06	3.96044E-07	0
109	3.22289E-05	0.000221966	6.03195E-05	6.77311E-05	8.36464E-05	6.00478E-05	1.88181E-05	2.85759E-05
110	0.001785311	0.001571103	0.001749792	0.001321527	0.000789414	0.000541741	0.000724773	0.001280092
111	0.083881843	0.084773417	0.053478414	0.082383658	0.054088877	0.045743855	0.042822724	0.039735395
112	0	0	1.00879E-07	1.31827E-06	1.00297E-05	6.7255E-05	3.53043E-07	4.61664E-08
113	8.32964E-06	0	5.8135E-06	2.15961E-06	3.23272E-07	2.20098E-08	0	0
114	2.94321E-05	2.04543E-05	0.000147485	0.000156528	2.41088E-05	4.4698E-05	2.43979E-05	7.49054E-05
115	0.245531729	0.320455681	0.238206139	0.276162053	0.253348949	0.228119827	0.155382655	0.207735041
116	0.002795245	0.005122049	0.001580732	0.001671286	0.001016093	0.000626777	0.000624206	0.001054204
117	2.023E-06	8.53084E-07	1.4178E-05	2.22502E-05	7.28052E-06	1.41541E-05	4.26321E-06	5.06203E-06
118	0.00540982	0.006922931	0.013120045	0.007136641	0.00279076	0.004431414	0.002065197	0.004824581
119	0.087872185	0.044048593	0.072969759	0.114939932	0.058274711	0.070299671	0.047906605	0.040857068
120	0.0006733	0.002019063	0.000237356	0.00036788	0.000186164	0.000127885	0.000178423	0.000264226
121	0.035854708	0.026431933	0.060348784	0.066064269	0.012101668	0.031194008	0.013557372	0.019808363
122	0.002194467	0.002827288	0.003176462	0.008427737	0.003445932	0.005089204	0.001859013	0.00225262
123	0.000613452	0.000766783	0.002505691	0.003155143	0.000620824	0.000639208	0.000579187	0.001142961
124	0.000831083	0.001527739	3.38772E-05	5.43142E-05	5.68021E-05	8.64303E-05	2.04404E-05	8.45089E-05
125	0.000187608	7.31574E-05	0.000927237	0.000320695	0.000180604	0.000128937	0.000122089	0.000227931
126	0.059020804	0.071684934	0.206318129	0.162744196	0.069621743	0.116501122	0.053115119	0.09363596
127	2.32666E-06	7.36829E-06	0.000388375	0.000267664	8.92516E-06	9.60347E-06	8.35071E-06	1.37852E-05
128	0.001568814	0.001753314	0.000485473	0.000272077	7.78477E-06	1.67535E-05	7.11353E-05	2.21506E-05
129	0.000589297	0.002907203	6.97631E-05	6.01728E-06	3.33471E-06	8.49192E-06	6.63518E-08	6.3788E-06
130	0.001435899	0.005089292	0.000246165	0.000324697	0.000614208	0.000193644	0.000234578	0.000181538
131	0.000607669	0.000199346	0.0005094	0.000299361	9.8694E-05	2.10479E-05	0.000113168	0.000185976
132	0.003128529	0.000436012	0.000297105	0.000106137	0.000109987	3.13502E-05	6.04266E-05	5.05028E-05
133	3.34465E-05	5.43685E-05	0.000292943	0.000684674	6.08392E-05	0.002450213	1.82575E-05	2.08903E-05
134	0.000185397	4.74704E-05	0	0	0	0	0	0
135	0	0	0	0	0	0	0	0
136	0.004496491	0.002711889	0.002711219	0.001081151	0.001500711	0.000508318	0.000609296	0.00139458
137	0.013288696	0.08415243	0.020320645	0.030769269	0.066836118	0.069868731	0.02509642	0.035037958
138	1.68883E-05	5.61824E-05	1.26944E-05	2.26339E-05	3.2669E-07	2.35894E-06	2.89772E-06	5.57548E-06
139	0	1.28474E-05	1.55928E-06	1.98668E-05	0	2.83278E-07	2.89386E-08	0
140	4.63613E-06	2.0463E-05	2.28777E-05	2.84853E-05	6.23844E-06	4.99306E-06	2.13212E-06	1.21144E-05
141	1.12198E-06	1.08065E-07	4.79776E-06	7.98872E-06	5.01891E-07	3.76933E-06	2.74404E-07	1.92479E-07
142	0.075839926	0.121050652	0.071700525	0.038089205	0.050994192	0.038096592	0.037255736	0.033674877
143	0	0	0	0	0	0	0	0
144	0.004022846	0.008904478	0.016925573	0.005363242	0.003062227	0.002065786	0.002287598	0.006573131
145	0.838400438	1.014351555	0.232794116	0.298347584	0.372455959	0.251854908	0.220952686	0.194517317
146	0.592495201	0.368196227	0.870736738	0.769665774	0.581724814	0.427486495	0.297676528	1.509143506
147	0.001898718	0.001689696	0.004122892	0.002084997	0.00039982	0.000609956	0.000337926	0.000576541
148	4.05836E-06	3.71961E-06	4.33173E-07	1.83395E-06	1.04072E-06	3.8071E-07	0	9.81344E-07
149	3.0235E-05	0.000163403	0.000509031	0.000514538	0.000105057	5.8556E-05	9.83432E-05	0.000222083
150	0.003375969	0.001607076	3.31686E-05	3.46523E-05	3.27861E-06	2.51394E-05	9.73287E-05	3.84833E-05
151	1.96144E-07	3.11536E-06	6.06006E-05	2.47089E-05	1.02859E-05	5.71416E-06	5.83564E-07	2.07586E-05
152	0.0003755	0.000175211	0.001492747	0.000756995	0.000365244	0.000267159	0.000384436	0.000949065
153	7.86091E-06	1.14265E-05	6.32939E-06	1.73433E-06	5.97494E-07	2.59099E-07	2.01783E-07	1.37775E-06
154	8.38039E-06	7.53951E-05	0	0	0	0	0	0
155	0	0	0	0	0	0	0	0
156	0.002664716	0.001430242	0.000122027	1.64353E-05	6.46976E-06	1.70691E-05	3.16948E-05	0.000115513
157	0.00136521	0.004752916	0.00121598	0.001005902	9.27229E-05	0.000102127	0.00030407	0.000944976
158	0.211412762	0.143896335	0.052784549	0.081703914	0.051928262	0.069533294	0.038622259	0.039706403
159	0.000150695	0.000371495	0.000338704	0.000302037	0.000136251	0.000108729	5.2879E-05	0.000138457
160	0.005642864	0.005151973	0.002585184	0.002623766	0.001708405	0.001646697	0.001155934	0.002636977
161	0.002648385	0.002229526	0.003730572	0.001547986	0.000742635	0.000814438	0.000596387	0.002531123
162	0	0	0	0	0	0	0	0
163	0.001990861	0.001825957	0.004137407	0.004216679	0.000403432	0.000270533	0.0004053	0.00085019
164	1.25457E-06	8.99987E-06	3.05575E-05	3.64296E-06	3.24347E-07	1.98484E-06	1.36554E-07	5.18524E-06
165	1.4572E-05	8.14907E-06	2.32791E-05	6.51221E-06	5.42362E-06	3.93369E-06	7.61417E-06	8.60991E-06
166	0	1.48749E-05	1.53372E-05	6.6829E-06	1.2003E-06	2.84998E-06	3.17987E-07	0
167	0.007318767	0.014412493	0.034129841	0.025935662	0.015053406	0.013029619	0.0128269	0.021087714
168	0.00010931	0.000202593	5.61208E-05	4.96098E-05	7.93564E-05	7.3791E-05	2.83441E-05	3.01463E-05
169	0.000312447	4.23599E-05	0.002607277	0.002453349	0.000313802	0.000565417	0.0003587	0.000774639
170	0.000146758	0.000128108	0.00027991	0.000125888	9.98099E-05	5.86397E-05	4.75255E-05	0.000125755
171	4.21474E-07	0	0	1.27826E-07	0	0	0	0
172	0.002171993	0.004187566	0.002194066	0.00212974	0.002384775	0.002023197	0.001239816	0.001738349
173	2.2204E-05	2.9481E-05	0.000456924	0.000286278	0.000117222	7.41784E-05	0.000183547	0.00036307
174	0.000126807	0.000624166	0.002488873	0.001089284	0.000880876	0.000613441	0.000623483	0.0013215
175	0.023344692	0.162921482	0.032687311	0.022458229	0.129620225	0.061395586	0.06970217	0.072361017
176	0.101001973	0.090860292	0.185652481	0.214841559	0.068550773	0.080364867	0.051273897	0.096052136
177	0.031242666	0.043115958	0.059405096	0.048175485	0.091192991	0.124558726	0.07936562	0.072616011
178	8.73724E-08	3.45269E-07	2.19992E-07	0	8.23469E-07	1.47617E-06	6.16618E-08	5.14043E-08
179	0.00466911	0.003064722	0.003095876	0.003486207	0.002327774	0.002544151	0.00183471	0.001711947
180	0.000460381	0.000723742	0.001354879	0.000273923	0.000259696	9.30116E-05	0.000137835	0.000654066
181	0.005993363	0.013779408	0.005863226	0.009124075	0.007331397	0.008457639	0.003024005	0.003211272
182	0.000906255	0.00070183	0.001739734	0.000520063	0.000364377	0.00032038	0.00047801	0.001330286
183	7.32961E-05	0.000119141	3.16513E-06	9.70967E-07	7.33235E-06	9.27765E-07	1.05259E-06	9.44728E-08
184	8.94132E-05	0.000212674	0.003401346	0.001499669	0.000365121	0.000248374	9.33574E-05	0.000548526
185	0.000139379	9.00124E-05	0.000205228	4.0544E-05	2.74868E-05	1.07419E-05	3.48124E-05	0.000187945
186	7.45508E-08	1.93045E-06	1.47512E-05	0	9.02682E-07	3.74622E-07	9.92216E-07	1.43578E-05
187	0	1.72842E-06	3.47385E-06	1.5542E-06	8.39909E-07	3.86937E-07	5.06069E-07	1.46039E-06
188	0.001009922	0.002363227	0.001772677	0.001312282	0.001101329	0.000763416	0.000292999	0.000681568
189	0	0	0	0	0	0	0	0
190	2.48432E-05	4.46263E-05	3.02679E-05	2.61821E-05	3.08092E-05	4.13736E-06	1.27278E-05	1.76712E-05
191	3.92637E-05	1.05833E-05	3.03346E-06	5.96695E-05	2.70906E-07	0	1.47907E-07	3.54384E-06
192	0.007353207	0.006886944	0.027544699	0.025368359	0.014404883	0.013473129	0.012538029	0.01973782
193	0.01338557	0.017204249	0.023111465	0.018670793	0.012188495	0.014029367	0.010476004	0.01650138
194	0.000173352	0.001463908	6.11683E-07	2.49936E-07	1.18043E-05	1.48411E-05	1.09293E-05	9.14088E-06
195	0.0027509	0.006865492	0.007257662	0.002524758	0.002098325	0.001933988	0.000782241	0.001811009
196	0	0	0	0	0	0	0	0
197	0	7.24288E-06	2.32621E-06	4.25875E-07	0	3.54001E-06	0	1.02397E-06
198	0.000188148	0.000617825	0.00091144	0.000935788	0.000394653	0.000605202	0.000148434	0.000406218
199	0	0	0	0	0	0	0	0
200	0.000318817	0.000136345	0.00010576	2.32067E-05	1.18805E-05	1.90421E-05	1.74647E-05	5.82546E-05
201	0.002002616	0.002129818	0.001008549	0.001630326	0.00026923	0.000353139	5.64652E-05	0.000323828
202	2.7971E-06	0	0	0	1.16845E-06	0	0	0
203	0	3.38894E-06	1.30243E-06	9.95148E-07	4.28049E-07	5.78586E-07	0	1.26935E-06
204	0.000267027	0.001030651	0.000411726	0.000225773	0.000126162	0.000110445	3.8701E-05	0.000215633
205	0.000768248	0.00212846	0.004911214	0.005135655	0.001449337	0.002031469	0.000970086	0.003132948
206	6.28156E-05	0.000495454	0.000229325	0.000197349	8.96379E-05	3.93817E-05	4.0062E-05	0.00010174
207	0.001300283	0.0007874	0.000437664	0.000508025	0.000142151	0.000215406	0.000191489	0.000456021
208	1.86524E-05	1.23823E-06	0.000145435	7.36256E-05	3.83497E-05	2.59313E-05	3.77424E-05	8.09659E-05
209	0.000531275	0.001013803	0.000721331	0.002434479	0.000276126	0.000153622	0.000556031	0.000430529
210	0	6.70247E-07	4.50442E-06	1.24484E-05	1.63751E-06	8.16653E-06	6.64842E-06	5.41564E-06
211	9.03532E-05	0.0007692	0.000263512	1.20757E-05	2.59794E-05	1.37741E-05	2.77123E-06	5.14805E-05
212	5.97633E-05	0.000525176	0.000328335	0.000225433	0.000123548	0.000158722	3.14377E-05	0.000159603
213	4.53494E-05	0.000106916	5.82159E-05	0.000103863	0.000101702	0.000122218	3.71175E-05	0.000165384
214	3.79917E-05	8.51193E-05	2.97988E-05	3.73941E-05	3.27991E-05	2.02283E-05	2.0308E-05	5.47854E-05
215	0	0	6.00596E-07	4.32132E-07	0	2.06105E-06	0	0
216	0	6.46739E-07	0	0	0	0	0	0
217	0	0	0	0	0	0	0	0
218	0.081339694	0.033305558	0.001610256	0.003596649	0.00108615	0.000504957	0.000836344	0.001505102
219	0.000458764	0.000417578	0.002052888	0.001648588	0.000194712	0.000570266	0.000192795	0.000310385
220	0	0	0	0	0	0	0	0
221	0.006655983	0.011487907	0.009344347	0.008999472	0.007495741	0.01054657	0.007866237	0.008667349
222	0.000112674	0.000266642	0.000850784	0.000320829	0.000281959	0.000165291	0.000144223	0.000209356
223	0.000505609	0.001150487	0.002027046	0.001239489	0.000947085	0.000799777	0.000576537	0.000883095
224	0.002366532	0.00415531	0.001145063	0.001634724	0.000564695	0.001022621	0.000551069	0.000684961
225	0.06697337	0.076540904	0.127339993	0.099998274	0.083600463	0.076770335	0.059575558	0.056077215
226	6.54629E-06	2.41249E-05	0.000599394	0.000167564	0.000121704	8.34024E-05	1.86871E-05	0.000102974
227	1.45289E-06	0	1.19106E-07	4.5961E-08	0	0	0	0
228	3.69161E-06	3.34001E-06	1.72089E-06	7.49578E-06	8.01186E-07	8.49554E-07	1.13473E-06	2.09794E-07
229	0.00161905	0.000687159	2.27007E-05	8.17449E-05	3.98376E-05	2.29251E-05	3.6195E-05	3.8613E-05
230	9.75441E-07	3.28379E-06	4.07914E-06	1.7005E-07	1.58293E-07	0	3.82423E-07	1.25379E-06
231	0.000252234	0.00065235	0.001034278	0.000572703	0.000311343	0.000272882	0.000172957	0.000384064
232	1.83357E-06	5.72321E-06	0	4.05613E-06	0	0	0	0
233	0.00034267	0.00103741	0.002054177	0.005494123	0.001773786	0.000981146	0.00132706	0.001641838
234	0	0	0	0	0	0	0	0
235	0	0	0	0	0	0	0	0
236	0.000698834	0.001264802	0.001378778	0.002203827	0.000859253	0.000989926	0.00067106	0.00135134
237	1.39161E-05	7.56881E-05	2.49404E-05	7.31951E-06	2.31201E-05	1.19919E-05	4.8537E-06	2.09492E-05
238	0.00027808	0.001027676	0.001503339	0.001296107	0.000448489	0.000413847	0.000167511	0.000607812
239	0.000566558	0.001635962	0.003500655	0.001164957	0.000567788	0.000409647	0.000317369	0.000826033
240	0	1.03615E-05	0	1.74592E-06	0	1.89909E-06	0	4.11202E-08
241	0	0	0	0	0	0	0	0
242	2.94929E-05	3.61533E-07	2.45693E-07	1.50981E-05	3.03757E-06	0	1.4528E-07	2.22681E-08
243	0.000500054	0.000495511	0.00047134	0.000386267	0.000247965	0.000212619	0.000137086	0.000424697
244	0	0	4.01223E-06	1.9245E-06	1.67696E-06	4.65103E-08	0	3.07979E-08
245	4.54029E-05	2.81158E-05	3.96627E-06	2.98566E-05	1.09805E-05	2.88779E-05	3.54035E-06	4.34556E-07
246	6.95847E-05	4.30687E-05	0.000112693	7.04254E-05	3.86247E-05	3.5377E-05	3.03467E-05	7.14242E-05
247	4.98345E-05	4.54758E-05	3.59607E-05	1.45234E-05	8.3754E-06	1.86141E-05	1.21178E-05	2.38542E-05
248	1.18899E-06	6.00253E-06	5.06722E-05	1.13855E-05	2.58842E-05	1.66144E-05	8.30641E-06	1.05914E-05
249	9.92287E-06	1.15047E-06	2.82201E-05	6.27533E-05	1.56855E-06	6.38137E-06	1.05277E-06	9.45016E-07
250	5.70301E-05	4.4899E-05	5.47987E-05	3.82374E-05	3.97744E-05	2.14645E-05	3.45359E-05	9.44342E-06
251	0	0	0	0	0	0	0	9.8004E-07
252	4.92423E-07	0	1.91366E-05	0	2.46119E-06	9.42064E-07	0	4.6616E-06
253	0	0	0	0	0	0	0	0
254	1.18139E-06	0	0	8.3303E-08	9.01283E-07	0	0	0
255	0	0	0	0	0	0	0	0
256	5.17068E-06	2.41054E-05	2.00151E-06	2.49363E-06	4.22664E-06	5.15285E-07	1.27791E-06	6.46731E-07
257	0	0	0	0	0	0	0	0
258	0	0	0	0	0	0	0	0
259	1.73552E-07	0	0	0	0	0	0	0
260	0	0	0	0	0	0	0	0
261	0	0	0	0	0	0	0	0
262	7.0587E-07	6.4063E-06	2.09152E-06	3.95086E-07	9.68396E-07	1.89895E-06	1.4359E-06	2.8863E-06
263	0.043089237	0.013871674	0.002061293	0	0.001648556	0.001028301	0.000274543	0.00451875
264	1.70817E-06	3.52131E-06	1.01103E-05	1.65074E-06	5.51061E-07	4.31092E-06	1.12013E-06	4.46717E-06
265	0	0	0	0	0	5.86171E-08	0	0
266	0	0	0	0	0	0	0	0
267	1.20406E-05	8.76363E-06	0	0	1.06716E-05	0	0	5.87306E-05
268	0	0	0	0	0	0	0	0
269	0	1.3748E-07	0	0	0	0	0	0
270	0	0	0	0	0	0	0	0
271	0.000114803	3.50556E-06	0	0	0	0	0	0
272	0.031318032	0.046207145	0.03421433	0.008967018	0.004937686	0.001796702	0.013537052	0.018234943
273	0	3.18642E-07	2.08202E-06	1.83843E-06	5.77054E-07	0	2.01273E-07	1.88645E-06
274	0	1.46471E-07	0.001437364	7.22611E-05	0	1.28246E-06	5.49748E-06	0
275	1.88493E-07	1.11861E-07	0	0	6.66535E-08	0	0	0
276	0	0	0	0	0	0	0	0
277	7.84721E-08	4.40191E-07	0	0	0	0	0	0
278	0	0	0	0	0	0	0	0
279	0	0	0	0	0	0	0	0
280	0	0	0	0	0	0	0	0
281	0	4.93462E-07	0	2.08805E-05	6.10897E-07	0	0	0
282	0.008629157	0.000649642	0.000130449	0.00021019	3.19648E-05	9.7348E-06	6.55675E-05	0.000169062
283	0	0	0	0	0	0	0	0
284	0	0	1.31279E-07	0	5.28231E-08	0	0	0
285	0	0	0	0	0	0	0	0
286	0	0	0	0	0	0	0	0
287	0.007537952	0.00698869	0.007256067	0.010596664	0.006287219	0.003942383	0.005127941	0.006594141
288	0.007710635	0.005427132	0.008080613	0.005776819	0.003761836	0.003113364	0.00344649	0.00570799
289	0.000518812	0.007428011	0.006482412	0.004663491	0.001189168	0.002058692	0.000734649	0.00219341
290	6.87256E-07	0.00012864	1.1196E-05	5.78045E-06	3.87969E-06	1.60811E-06	1.25983E-07	0
291	2.31181E-05	0	6.1836E-05	8.60276E-06	9.20994E-06	0	8.2436E-06	3.4432E-05
292	2.06715E-06	5.51649E-06	0	0	2.01305E-05	0	0	7.62505E-06
293	0	0	1.04796E-06	0	0	8.8721E-07	9.59042E-07	0
294	0	2.35064E-06	5.33284E-05	5.61256E-05	3.73027E-05	1.14541E-05	2.02491E-05	4.39659E-05
295	0	6.40846E-07	0	0	0	0	0	0
296	0	0	0	0	0	0	0	0
297	0	0	0	0	0	0	0	0
298	5.28987E-05	1.45537E-05	9.70743E-06	3.02995E-06	4.12614E-06	2.54831E-06	1.17429E-06	2.92628E-05
299	0	0	1.36144E-07	0	1.91168E-07	0	0	0
300	2.81819E-05	2.08391E-05	1.2671E-05	2.79139E-06	9.9487E-07	7.46352E-07	3.24145E-07	6.88884E-06
301	5.09069E-07	2.27182E-06	5.79028E-07	0	6.82848E-07	0	0	0
302	7.31956E-07	8.57566E-07	8.86829E-07	2.50155E-07	0	2.19721E-08	0	8.32764E-07
303	5.50527E-06	8.47106E-06	3.0082E-05	3.83133E-05	1.22881E-05	4.97409E-06	1.27289E-05	4.52834E-05
304	0	0	0	0	0	0	0	0
305	4.96351E-08	2.42017E-07	0	0	0	0	0	0
306	5.8594E-05	0.00032423	0.000234554	5.30838E-05	8.44051E-05	1.93091E-06	1.13121E-06	0.000532081
307	0	0	1.71939E-06	4.60248E-06	5.44973E-06	0	0	3.53114E-06
308	0.000331768	0.000311895	0.004048029	0.001472817	0.000539727	0.000325931	0.000626685	0.00204629
309	0.000121989	6.3556E-05	7.62244E-05	6.39138E-05	2.31315E-05	1.84892E-05	1.83548E-05	6.43045E-05
310	1.28578E-05	0	5.13566E-05	1.75746E-06	3.23943E-05	5.22238E-06	2.22978E-08	0
311	2.65872E-07	2.11671E-07	5.42021E-05	4.74316E-06	1.58125E-05	3.44228E-06	3.91365E-06	1.58346E-05
312	0	0	0	0	0	0	6.49316E-07	0
313	0	0	0	0	0	0	2.21836E-08	0
314	6.69146E-08	1.05146E-07	5.79055E-08	4.1943E-07	6.87762E-08	0	3.98902E-08	0
315	0.001436587	0.000733089	0.002770797	0.003771774	0.002642241	0.002105347	0.002679112	0.003243768
316	6.25235E-06	1.04422E-05	0.000296083	0.000124396	1.76304E-05	2.54132E-05	1.58954E-05	5.97221E-05
317	0.000421253	0.001236932	0.000629804	0.000567061	0.000451893	0.000359433	0.000408102	0.000623884
318	0	0	0.000113174	1.2691E-05	3.35393E-08	2.02148E-07	1.2435E-07	2.59754E-07
319	0.000124604	5.3218E-05	5.27916E-07	1.05551E-05	6.29793E-08	3.10212E-06	4.49105E-08	5.45921E-08
320	1.6643E-07	9.53328E-06	0	3.23362E-08	2.04811E-06	1.67938E-07	3.12988E-08	0
321	0.000719996	0.001076834	0.000175319	0.000183995	4.12021E-05	6.08976E-05	5.81449E-05	0.000165239
322	0	0	0	0	0	0	0	0
323	6.80348E-05	7.17805E-05	0.000110767	7.11938E-05	0.000112359	4.36915E-05	9.36843E-05	9.61105E-05
324	1.85661E-05	9.59968E-06	1.0196E-05	4.51701E-06	1.16172E-05	1.20368E-05	4.16745E-06	7.89666E-06
325	0.236248222	0.379251226	0.271673641	0.209772287	0.047731112	0.027481866	0.182444602	0.144657347
326	1.67212E-05	0	0	0	1.38769E-07	0	0	0
327	8.1183E-05	4.37146E-05	2.66718E-05	1.01324E-05	3.43285E-06	1.21544E-05	1.31745E-05	5.35667E-06
328	3.01792E-05	0.000157784	0.000136283	8.4528E-05	0.000162223	0.00013304	0.000287749	0.000341258
329	0	1.75707E-05	0	0	0	7.5859E-07	4.69941E-07	2.29442E-06
330	0.003069138	0.002811566	0.002994026	0.004854374	0.00078965	0.0009426	0.001009598	0.001543326
331	0	0	3.64768E-06	3.1331E-05	2.6582E-06	0	2.55046E-06	5.68403E-06
332	8.7285E-06	3.70512E-05	0.000190799	0.000129612	3.43986E-05	2.51638E-05	1.26549E-05	5.85031E-05
333	2.34503E-05	0.000573398	0.000123656	0.000244583	5.23736E-05	3.01716E-05	1.76519E-05	9.43808E-05
334	8.64371E-05	0.000117822	0.000266593	0.00015222	0.000148742	9.69394E-05	5.07281E-05	0.000199869
335	0.007401685	0.00660944	0.013031884	0.00759156	0.006609596	0.006688219	0.004318785	0.013825472
336	6.14973E-05	0.000150788	0.000535994	0.000453265	0.000352151	0.000281606	0.000222932	0.000373533
337	0.00016773	0.000841149	6.11698E-05	7.51746E-05	1.81024E-05	4.16296E-07	1.9887E-05	5.49126E-05
338	3.5236E-07	0.000278348	0	0	0	0	0	0
339	0.001136959	0.002223336	0.004921461	0.004424512	0.001642808	0.003089816	0.002339345	0.003058698
340	0.003391207	0.006944958	0.008161361	0.006031648	0.002917626	0.002553636	0.002379467	0.006113954
341	5.57666E-07	0.000123882	0.000201513	0.000125696	8.88229E-05	4.12226E-05	3.63357E-05	7.78629E-05
342	0	0	0	0	0	0	0	0
343	0	1.33257E-06	2.66442E-06	6.60583E-07	1.21175E-06	0	0	2.42566E-06
344	0	0	0	0	0	0	0	0
345	0.000420078	0.000628746	0.000298454	0.000558982	7.95271E-05	0.000184369	0.000148569	0.000202574
346	0	0	0	0	0	0	0	0
347	0	0	0	7.78229E-05	0	0	0	0
348	0	0	0	0	0	3.8534E-08	0	0
349	8.72779E-05	0	1.20553E-07	0.000555215	0	0	0	0
350	1.07502E-07	2.86094E-06	1.14244E-05	1.13276E-05	0	0	0	1.10481E-06
351	0.035864427	0.032278151	0.006496482	0.010533305	0.005789706	0.005312835	0.003639728	0.009251048
352	0.097827669	0.030319731	0.002262729	0.00384408	0.002983623	0.002733937	0.001683862	0.002991939
353	0	0	0	0	0	3.19519E-08	0	0
354	0.08569723	0.041661995	0.010522188	0.059541856	0.005890953	0.001331035	0.01363998	0.03396954
355	8.2677E-05	6.30622E-05	0.000286787	0.000169769	7.72255E-05	4.79723E-05	5.49861E-05	8.22431E-05
356	8.73352E-05	0	0	0	0	0	0	0
357	0.000294623	2.72591E-06	9.77468E-07	1.37963E-05	0	4.11929E-07	0	5.81327E-07
358	0	0	0	0	0	0	0	0
359	3.15201E-05	0	0	0	0	0	0	0
360	0	0	0	0	0	0	0	0
361	0	0	0	0	0	0	0	0
362	1.16328E-06	1.46167E-07	0	0	0	0	0	0
363	0.001486344	0.00302924	0.001259901	0.001336902	0.000694983	0.000553011	0.000749109	0.000675172
364	0	2.49557E-07	0	0	0	0	0	0
365	0	0	0	0	0	1.73505E-07	0	0
366	0	0	0	0	0	0	0	0
367	0	0	0	0	0	0	0	0
368	0	0	0	0	0	0	0	0
369	0	0	0	0	0	0	0	0
370	0	0	0	0	0	0	0	0
371	2.01689E-07	0	0	2.72908E-06	0	0	0	1.19227E-06
372	0.001689822	0.002841834	0.004701861	0.002571744	0.002075989	0.002356406	0.001067911	0.001969759
373	0	0	0	0	0	0	0	0
374	0	8.666E-08	0	0	0	0	0	0
375	0	0	0	0	0	0	0	0
376	0	0	0	0	0	0	0	0
377	0	0	0	0	0	0	0	0
378	0	0	0	0	0	0	0	0
379	0.000696931	0.000741543	0.001397539	0.001392081	0.000670155	0.000575812	0.000492814	0.00091684
380	1.23155E-06	0	0	0	0	0	0	1.58901E-07
381	0	0	2.08293E-07	0	2.21582E-06	0	0	0
382	3.37144E-05	1.48648E-05	1.35116E-05	6.40611E-06	2.83057E-06	9.23851E-07	3.38574E-06	8.5766E-06
383	0.029216099	0.029953154	0.010299467	0.001742898	0.000845637	0.000264118	0.002456766	0.006298074
384	2.71895E-07	0	3.87769E-07	2.13208E-08	0	0	0	2.99339E-07
385	2.68733E-05	2.54745E-05	2.46071E-05	2.11603E-05	6.9678E-06	2.16167E-05	5.4946E-05	0.000109392
386	0	0	0	0	0	4.98865E-07	0	0
387	0.014352912	0.015076055	0.028193873	0.048104844	0.00877132	0.025761399	0.011303508	0.017597746
388	0.046336961	0.023609213	0.06310751	0.065097954	0.012202256	0.020443765	0.028827217	0.008671198
389	0.00846914	0.004827452	0.008434203	0.008571818	0.001761398	0.002636559	0.0041175	0.006764732
390	0.011354093	0.012379551	0.03563949	0.042193161	0.009219823	0.024726618	0.011980379	0.020103667
391	0	0	2.37561E-05	2.97324E-05	2.84937E-06	4.80539E-06	6.80011E-06	2.08897E-05
392	0.037599004	0.027785765	0.051202019	0.047277744	0.00858281	0.01708245	0.021973529	0.021174805
393	0	3.67976E-06	8.08078E-06	4.1872E-06	1.35826E-07	6.70345E-07	5.03735E-07	4.48774E-06
394	0	0	0	0	0	3.08766E-08	0	0
395	1.021282684	0.974924059	1.175706944	1.136965911	0.941049652	1.19049268	0.966651239	1.147636295
396	0.956066749	0.997122562	1.154974901	1.130885605	0.83761649	1.186941433	0.948662862	1.264595946
397	0.001611588	2.82354E-05	0.00253089	5.98678E-05	5.85398E-06	0.000484454	2.05528E-05	1.78356E-05
398	0.000113323	0.000300512	0.000416191	0.000190508	4.11512E-05	5.87204E-05	0.000148144	0.000326575
399	0	0	1.00825E-05	2.17959E-05	8.26452E-08	1.29536E-05	5.87168E-06	2.22777E-05
400	0	0	0	0	0	0	0	3.55058E-06
401	2.88916E-05	2.15011E-05	0.000142003	6.01715E-05	1.51335E-05	2.31025E-05	2.84278E-05	5.53031E-05
402	0.000199176	0.000504778	4.03985E-05	8.32191E-05	2.08656E-05	1.33361E-05	4.13722E-06	1.25215E-05
403	0	0	0	0	0	0	0	0
404	7.43124E-06	6.63252E-05	7.5007E-06	0	0	0	0	0
405	0.001443336	0.003216342	0.002279709	0.001289642	0.000797595	0.001812137	0.000299285	0.000819272
406	0	0	0	0	0	0	0	0
407	0.00175994	0.001002906	0.005365304	0.003670952	0.000198253	0.000788665	0.000902927	0.001616084
408	4.48407E-07	6.62705E-07	5.50459E-05	2.69679E-05	3.81672E-06	3.88815E-06	7.36532E-06	3.15545E-05
409	0	0	0	0	0	6.12923E-07	0	0
410	0	0	0	0	0	0	0	0
411	0	0	0	0	0	0	0	0
412	1.78646E-05	1.8718E-06	1.36678E-07	1.34961E-06	1.87806E-08	0	6.65981E-07	4.6024E-06
413	1.25611E-05	3.40779E-05	2.50965E-07	0	0	0	5.13387E-08	0
414	0	0	0	0	0	0	0	0
415	0	0	2.51664E-06	2.87543E-07	0	0	3.30044E-06	0
416	0	0	0	0	0	0	0	0
417	0	0	0	1.25274E-06	1.34306E-07	9.53771E-08	0	0
418	0	0	8.7229E-08	0	0	0	0	0
419	0.963314809	0.993445514	1.445315545	1.143785879	0.872927505	1.220018268	1.017977994	1.350342614
420	1.063157435	1.035467843	1.201799728	1.077568065	0.824773995	1.210020718	1.003518613	1.267741411
421	0.00184846	0.002298177	0.002100218	0.001618344	0.002085588	0.002621241	0.00198556	0.002612565
422	6.04622E-06	3.81443E-05	0.000425582	0.000375377	4.29565E-05	9.00009E-05	6.27617E-05	0.000143689
423	2.80014E-06	4.71546E-08	6.86654E-07	9.87686E-08	0	0	1.13095E-07	1.36334E-06
424	0	0	0	0	0	0	0	0
425	0	0	0	0	0	0	0	0
426	0	0	0	0	0	0	0	0
427	0	0	0	0	0	6.24999E-08	0	0
428	0	0	0	0	0	0	0	0
429	0	0	0	0	0	0	0	0
430	6.96743E-08	7.62046E-08	0	0	0	0	0	0
431	0	0	0	2.1092E-08	0	0	0	0
432	0	0	0	0	0	0	0	0
433	0	0	0	0	0	0	0	0
434	0	0	0	0	0	0	0	0
435	0	0	0	0	0	0	0	0
436	0	0	0	0	0	0	0	0
437	5.76169E-05	5.89579E-05	7.61045E-06	1.69213E-05	6.80049E-06	1.42971E-05	1.05697E-05	6.06487E-06
438	2.27023E-05	1.73436E-05	1.60559E-06	9.54975E-06	2.64164E-06	3.00225E-07	1.38951E-06	7.63042E-05
439	8.10622E-08	3.01013E-07	0	0	0	0	0	0
440	0	3.36694E-06	0	0	0	0	0	0
441	0	0	0	0	0	0	0	0
442	0	0	0	0	0	0	0	0
443	0.00244325	0.012929854	0.097695878	0.054446722	0.030530325	0.032273386	0.079303611	0.089372606
444	0	0	0	0	0	0	0	0
445	1.25103E-05	1.46083E-05	6.71093E-05	3.4135E-05	2.80491E-05	2.23018E-05	2.43557E-05	5.42456E-05
446	3.67929E-07	5.32038E-07	8.03711E-07	4.4287E-07	8.39068E-08	4.99399E-08	3.06881E-07	2.33712E-07
447	1.24927E-05	2.3434E-06	0	0	9.72239E-07	0	0	4.33735E-06
448	1.23523E-05	2.61999E-06	6.67892E-05	0.000139639	0.000122819	2.02405E-05	0.000138167	0.000240323
449	3.83332E-05	0.000108109	0	0	7.81107E-06	2.76438E-06	3.09943E-07	0
450	2.8517E-05	1.51522E-05	7.86874E-06	6.22575E-06	1.90031E-07	7.92843E-07	1.25266E-05	2.75043E-05
451	3.84128E-05	2.06775E-05	5.53229E-08	4.28801E-07	3.66049E-08	3.70679E-07	0	3.04449E-08
452	0	0	1.09141E-06	0	0	0	0	0
453	1.80344E-06	0	0	0	0	0	2.17921E-07	0
454	0	0	0	0	0	0	0	0
455	4.66549E-06	0	5.35483E-06	0	0	0	0	7.09907E-06
456	0.000480311	0.0003453	8.52853E-06	1.76E-05	0	2.35191E-06	5.35917E-06	9.91312E-06
457	0	0	0	0	0	0	0	0
458	0.000300987	0.000241306	0.000406804	0.000185434	0.000294036	0.00032526	0.000276229	0.00021869
459	1.32238E-05	8.70615E-06	8.97796E-08	1.7512E-07	4.36326E-07	0	0	0
460	0	0	0	0	0	0	0	0
461	0	0	0	0	0	1.06182E-06	0	0
462	3.96863E-06	5.15158E-06	0	7.9346E-06	3.48676E-06	0	0	5.30392E-06
463	9.57434E-06	0	4.08351E-07	0	2.91106E-06	0	2.84271E-06	6.17006E-06
464	0	0	0	0	0	7.64976E-07	0	0
465	0	0	0	0	0	0	0	0
466	0	0	0	0	0	0	0	0
467	0	0	0	0	0	0	0	0
468	0	0	0	0	0	0	0	0
469	0	0	0	0	0	0	0	0
470	0	4.40396E-06	4.0414E-06	0	0	1.57069E-06	0	2.11541E-06
471	0	3.49941E-07	0	0	0	0	0	0
472	0.000165792	0.000162533	1.7702E-06	1.89248E-07	0	2.47564E-07	9.45576E-07	5.73855E-06
473	6.35647E-05	7.48888E-05	1.70476E-05	1.01481E-06	3.88432E-06	6.56882E-06	1.44537E-05	3.42647E-05
474	3.99088E-06	0	0	0	0	0	0	0
475	0	0	1.01326E-06	0	0	4.0676E-06	2.39245E-06	1.37622E-06
476	0	0	0	0	0	0	0	0
477	1.18521E-06	0	0	0	0	0	0	0
478	2.26813E-05	1.95362E-05	2.83853E-05	1.95687E-05	2.86517E-06	1.12272E-05	1.53246E-05	2.00114E-05
479	2.55684E-06	0	0	2.25439E-06	0	1.94417E-06	2.94409E-07	0
480	0	0	0	0	0	1.80569E-07	0	0
481	6.20948E-07	1.8423E-06	2.02421E-06	0	0	0	0	5.3435E-08
482	6.85273E-07	0	9.94967E-07	0	4.11723E-08	1.73053E-07	6.9232E-07	1.87048E-07
483	0	0	0	0	0	0	0	0
484	0	0	0	0	0	0	0	0
485	0	0	0	0	0	0	0	0
486	0	0	0	0	0	0	0	0
487	4.47703E-07	2.41027E-06	4.75055E-08	5.4936E-07	1.14021E-07	1.4231E-07	2.02001E-08	9.33093E-07
488	0.000203856	0.000169946	0.000137231	2.04454E-05	0.00350999	0.002369167	0.004154641	0.00565763
489	0.010055309	0.001453486	0.000112773	0.000440862	9.76855E-06	0.00013205	0.000110192	0.000285951
490	8.87191E-06	1.04479E-06	0	0	0	0	0	0
491	0.09125676	0.259828169	0.495892221	0.773003044	0.595237263	0.390009927	0.404370981	0.635110488
492	2.51991E-06	4.22575E-06	2.47736E-06	9.8786E-07	1.96866E-06	2.55869E-07	1.22812E-06	3.81206E-07
493	1.75386E-05	2.71579E-05	6.78939E-06	1.07263E-05	5.43255E-06	1.62419E-06	4.9258E-06	1.55644E-05
494	0.026163172	0.022836775	0.002568175	0.007183372	0.005456637	0.000872118	0.001005335	0.001027474
495	0	3.82524E-07	8.6944E-07	2.03497E-07	7.26947E-07	8.40238E-08	2.80015E-07	4.33445E-07
496	0	0	0	0	0	0	0	0
497	0	0	0	6.18013E-07	0	0	1.09551E-07	0
498	0	1.70797E-06	0	2.22088E-06	0	0	1.83826E-06	0
499	0	0	0	0	0	0	0	0
500	1.40359E-05	2.2261E-07	2.21989E-06	2.56086E-06	3.92089E-06	1.69518E-06	0	1.48584E-06
501	0	0	0	0	0	0	0	0
502	0.000430282	0.000247303	0.00039917	0.000658137	8.17479E-05	0.000205805	0.000197925	0.00029631
503	0.001384476	0.001408741	0.003051115	0.002799555	0.001402894	0.001183353	0.001980486	0.002684659
504	0	0	0	0	0	0	0	3.38E-08
505	0	0	6.61018E-06	2.20843E-06	2.53835E-07	7.47557E-08	2.94867E-08	2.9703E-08
506	0	0	0	0	0	0	0	0
507	0	0	0	0	0	0	0	0
508	7.23436E-05	5.80623E-05	6.20476E-05	6.51949E-05	1.91246E-05	5.17685E-05	2.47062E-05	5.03325E-05
509	0.001136191	0.001037209	0.002282946	0.002455266	0.000456307	0.000668381	0.000964155	0.001513699
510	9.93173E-06	4.73901E-05	1.81633E-05	4.11353E-05	2.31096E-05	2.63671E-05	5.10437E-06	5.00208E-06
511	0	0	1.20464E-05	4.05984E-06	0	0	4.398E-07	3.59772E-07
512	0	0	4.22519E-08	0	0	0	0	0
513	0	0	9.58853E-05	0	3.37093E-08	4.78504E-08	0	0
514	0.000285593	0.000155166	0.000768887	0.000431608	0.000147173	0.00015924	0.000328668	0.000498593
515	0	0	0	0	0	0	0	0
516	0	1.4314E-06	1.91196E-05	7.81525E-06	1.09242E-06	0	3.24634E-06	2.1738E-05
517	4.2505E-05	2.36368E-05	0.000139666	4.5149E-05	1.58603E-05	1.51076E-05	1.58334E-05	4.16158E-05
518	0.00063054	0.000294196	0.00067577	0.00061546	0.000415758	0.000403772	0.000233603	0.001037351
519	0.000866055	0.000829171	0.00245377	0.001907354	0.000542584	0.000733516	0.000647064	0.00136743
520	5.59487E-05	0.000140815	0.0004082	0.000441218	0.000126062	0.000116727	0.000122699	0.000170937
521	0	0	0	0	0	0	0	0
522	0	0	2.41607E-08	0	0	0	4.70165E-08	2.78959E-07
523	9.97585E-06	1.78147E-06	0	4.67397E-06	0	1.78579E-06	0	0
524	0	0	5.56496E-08	0	8.04099E-08	0	0	0
525	0	0	0	0	0	0	0	0
526	0	0	0	0	0	0	0	0
527	0.000981398	0.002042588	0.002654864	0.000991853	0.002877692	0.002702647	0.005328815	0.007281607
528	0	2.04064E-06	5.50796E-07	5.67885E-08	3.35369E-08	0	0	0
529	1.30028E-06	1.25566E-06	2.63812E-05	1.8667E-05	5.17257E-07	7.34491E-07	3.09471E-06	5.10209E-06
530	0.000121604	9.93554E-05	0.000199689	6.59425E-05	4.00821E-05	3.25821E-05	6.37356E-05	0.000115084
531	1.37154E-05	5.53698E-06	2.53386E-05	2.71713E-05	3.54567E-06	1.70016E-05	2.08296E-05	5.83223E-05
532	0	0	0	3.32847E-08	0	0	0	0
533	0	0	0	0	0	0	0	0
534	0	0	0	0	0	0	0	0
535	7.25793E-07	0	5.95389E-05	3.73977E-05	5.12017E-06	7.35855E-06	1.74373E-05	2.93348E-05
536	0	0	1.59181E-05	2.09189E-05	3.95585E-07	1.35392E-06	1.15473E-06	6.62933E-06
537	0	0	1.86118E-07	0	0	0	0	0
538	1.99938E-06	4.39457E-06	2.49935E-05	2.49204E-05	3.5307E-07	1.50333E-06	3.00769E-06	1.07968E-05
539	0	0	0	0	0	0	0	0
540	0	0	0	0	0	0	0	0
541	0	0	0	0	0	0	0	0
542	5.03498E-07	1.95653E-06	5.38646E-06	4.49252E-06	0	1.49883E-06	0	3.87702E-06
543	4.06386E-06	9.766E-06	3.77415E-05	1.10154E-05	9.91758E-08	1.45002E-05	2.14713E-06	1.54632E-05
544	0	0	1.85849E-06	9.33334E-07	8.88376E-07	3.95384E-07	2.01842E-06	7.53137E-06
545	1.70514E-07	2.31127E-07	3.9512E-07	4.64356E-06	2.47872E-06	8.87348E-08	7.05055E-08	4.10564E-07
546	6.447E-05	6.41812E-05	0.000206301	0.000162611	5.70904E-05	6.03248E-05	0.000108457	0.000115551
547	2.74163E-05	2.29883E-05	3.43682E-05	8.25452E-05	1.05145E-05	1.58217E-05	2.11049E-05	5.97617E-05
548	0	0	0	0	0	0	0	0
549	0.003119006	0.003104909	0.002307036	0.001988589	0.001389162	0.001606922	0.000964755	0.001619588
550	0	0	0	0	0	0	0	0
551	0.000522454	0.000199959	0.000795926	0.001011256	0.000152019	0.000523908	0.000292423	0.000316483
552	3.01025E-06	1.49428E-06	2.39039E-07	2.61677E-05	2.20312E-05	1.50764E-07	4.01314E-07	5.50656E-05
553	0	0	3.63085E-08	1.3956E-07	0	0	0	0
554	0	3.71801E-07	1.73757E-05	7.78332E-06	5.32802E-07	1.98824E-06	2.52494E-06	5.10031E-06
555	0	0	0	0	0	0	0	1.84307E-06
556	7.37719E-07	8.37215E-07	0.000325796	6.70748E-05	3.69336E-07	4.89503E-06	6.75086E-06	6.13337E-06
557	0.001619233	0.000970793	0.000209146	0.000663483	6.7227E-05	4.26708E-05	0.000142607	0.000176433
558	0.00087162	0.000857059	0.00382929	0.002580483	0.000250159	0.001099135	0.000913532	0.000919864
559	0	0	0	0	0	0	0	0
560	0	0	0	0	0	0	6.97322E-07	0
561	0	0	2.911E-06	0	0	0	3.40927E-07	5.69326E-06
562	0	0	0	0	0	0	0	0
563	3.86342E-06	1.65296E-05	0.000108228	4.10589E-05	3.84514E-06	4.81111E-06	1.9348E-05	2.25645E-05
564	8.71069E-05	4.91964E-05	0.000115196	0.000252246	6.06492E-05	6.67401E-05	4.22016E-05	2.83588E-05
565	0	1.02673E-07	0	0	0	1.07537E-07	3.48256E-06	0
566	0.000128703	0.00018258	0.000414712	0.000303779	0.000127827	0.000123517	0.000177916	0.000265242
567	0	0	3.66011E-08	0	1.42451E-06	2.37909E-07	5.52042E-07	1.9936E-07
568	0	4.2709E-08	7.90321E-07	1.84306E-07	0	0	9.06287E-08	0
569	5.69296E-07	5.66459E-06	2.70829E-05	2.22591E-05	6.2049E-07	0	6.28423E-06	6.14132E-06
570	1.06201E-05	1.78271E-05	0.000117311	8.21053E-05	1.7573E-05	3.63934E-05	3.1348E-05	5.9197E-05
571	0	0	0	0	0	0	0	0
572	0	0	0	0	0	0	0	0
573	0	0	0	0	0	0	0	0
574	8.65226E-06	4.82576E-07	1.27604E-06	8.74417E-07	4.47498E-07	1.59199E-06	5.76561E-07	9.45611E-07
575	0.000130071	0.000229485	0.00060191	0.000415056	0.000133265	0.000226855	0.000206717	0.000395036
576	5.10957E-05	0.00011108	0.000348198	0.00030686	7.78283E-05	0.000122155	6.71763E-05	0.000160391
577	0	0	0	0	0	0	0	0
578	0	0	0	0	0	0	0	0
579	0	0	6.5155E-06	3.72517E-05	1.56198E-06	2.95273E-06	6.29922E-07	2.47815E-07
580	0	0	0	0	0	0	0	0
581	0	0	0	0	0	0	0	0
582	1.44765E-06	4.98031E-07	2.30507E-06	9.23888E-07	1.10581E-06	1.05371E-06	0	7.79883E-07
583	0.000347901	0.000205014	8.73462E-06	6.32075E-06	2.72662E-06	2.41328E-06	6.21382E-06	7.80774E-06
584	4.5792E-06	7.02067E-06	2.54177E-05	6.19576E-06	1.56189E-06	2.73163E-06	6.19632E-06	2.53552E-05
585	0.000321039	5.77644E-05	0.003479963	0.001354513	7.86815E-05	0.000260004	0.000173551	0.000347953
586	0.000367773	0.000125266	0.000126613	9.61544E-05	6.52011E-05	5.76365E-05	7.02863E-05	8.93368E-05
587	1.64677E-06	1.15925E-06	0	0	2.35829E-07	0	0	0
588	1.527E-06	0	1.21932E-06	3.22338E-06	5.65598E-06	2.76176E-06	1.41255E-06	2.25392E-06
589	0.000977168	0.001450537	0.000626046	0.000890334	0.00061085	0.000792087	0.000301559	0.000457609
590	0	0	0	0	0	0	0	0
591	0	4.39095E-07	0	0	0	0	0	0
592	8.5866E-06	1.00208E-05	1.20437E-05	0	5.49927E-07	5.59912E-08	2.75619E-06	5.75597E-06
593	0	0	0	0	0	0	0	0
594	6.70755E-06	5.29217E-06	1.09166E-05	2.56275E-06	1.4313E-07	4.39306E-05	1.14983E-07	1.34571E-06
595	5.48364E-05	7.44074E-06	0.000101979	2.10855E-05	4.93447E-05	7.12036E-05	0.000131947	0.000120777
596	0	2.52495E-05	9.61162E-05	3.26582E-05	5.04765E-06	9.02736E-06	6.78155E-06	1.93733E-05
597	0.00415868	0.004014981	0.009506549	0.005154917	0.001863766	0.002990826	0.002667345	0.00469901
598	0.622003348	0.404489386	0.022314612	0.02313351	0.007606058	0.012191376	0.010209488	0.014735037
599	0.000107906	0.000213238	0.002526839	0.001251682	0.000344578	0.00043941	0.000655472	0.001358431
600	6.77398E-05	4.33421E-05	6.18856E-05	0.000196147	6.46017E-05	7.37371E-05	2.03291E-05	0.000134512
601	0	0	2.34875E-05	2.81557E-05	2.73598E-06	7.28532E-06	8.02359E-06	6.17357E-06
602	5.2856E-05	7.80376E-05	4.56842E-06	0	5.63011E-05	4.90189E-05	3.20416E-05	1.84212E-05
603	2.89689E-05	0.000113397	4.96321E-05	1.0003E-05	5.09171E-06	5.33548E-06	9.60589E-06	1.96084E-05
604	0	0	0	0	0	0	0	0
605	0	0	0	0	0	0	0	0
606	0	0	4.49261E-06	0	1.16384E-06	0	1.34344E-06	4.28248E-06
607	2.12883E-06	3.67428E-07	7.18872E-06	3.6885E-06	4.6558E-07	2.85302E-06	2.69883E-06	4.10543E-07
608	0.002327283	0.00288662	0.005277215	0.003268325	0.000793365	0.00181428	0.001214259	0.002123523
609	2.18857E-05	0	3.43368E-07	0	0	7.40996E-07	3.34903E-06	1.33801E-06
610	0	4.99435E-07	0	1.49551E-06	0	5.13871E-07	1.76511E-07	0
611	0.000380658	0.000351959	0.003181241	0.001594014	0.000303361	0.000394683	0.000687181	0.001173699
612	7.14041E-05	0.000160426	9.85519E-05	3.8492E-05	4.82128E-05	7.06434E-05	1.81724E-05	3.70931E-05
613	3.3255E-05	1.15644E-05	0.000268317	0.000194876	4.38557E-05	7.11848E-05	9.89187E-05	8.98226E-05
614	7.37325E-06	8.59529E-07	3.49105E-05	8.06981E-06	6.16303E-06	3.80481E-06	4.5509E-06	1.76414E-06
615	7.49125E-06	7.33279E-06	0.000375907	0.000122412	4.16225E-05	4.93067E-05	4.15907E-05	0.000128913
616	0	0	0	0	0	0	0	0
617	0	0	1.94331E-07	0	1.43474E-06	2.34697E-06	1.56363E-07	0
618	0	0	0	0	0	0	0	0
619	3.12622E-06	2.13856E-07	1.20529E-05	8.51011E-06	5.20834E-06	7.31349E-06	4.02317E-06	2.30979E-05
620	0.00678497	0.005740777	0.007531049	0.021874775	0.008591327	0.008466619	0.00377882	0.005233931
621	0.00095866	0.001379537	0.002106756	0.002034788	0.003721304	0.002292394	0.002646016	0.004374475
622	0.000205001	0.000305321	0.001203308	0.00071249	0.00016853	0.0003275	0.000352821	0.000748833
623	1.98172E-05	2.40418E-05	0.000187894	5.36778E-05	1.19818E-05	2.345E-05	5.11063E-05	7.02066E-05
624	0	1.39749E-07	0	0	4.29128E-07	4.93607E-08	0	0
625	0.011758748	0.05839472	0.066561304	0.036503814	0.020188923	0.024188125	0.014330586	0.032324626
626	1.26688E-05	5.16966E-06	6.28404E-06	1.89901E-05	1.44812E-05	1.82858E-05	4.02059E-06	9.03916E-06
627	0	0	4.11302E-08	0	0	0	0	0
628	0	0	0.000698472	0.000244306	1.68296E-05	8.08964E-05	4.4649E-06	9.33954E-06
629	0	0	0	0	0	0	1.15222E-07	0
630	0	1.27344E-07	8.42413E-08	3.80234E-07	0	1.03237E-07	0	0
631	0	3.30434E-07	7.57528E-06	6.01838E-06	4.11478E-06	1.28264E-06	7.85065E-06	4.99293E-06
632	0	0	0	0	0	9.04801E-07	2.63045E-07	0
633	0.000666341	0.000279863	0.000486117	0.000571206	0.00019559	0.000396407	0.000185589	0.000305195
634	0	0	3.31057E-06	1.03465E-05	0	0	1.83819E-06	5.66036E-07
635	0	0	0	0	0	0	0	0
636	5.49279E-06	3.94845E-05	0.000413124	5.59012E-05	2.16783E-05	2.60092E-05	3.15876E-05	7.01166E-05
637	0.000440161	0.000338706	0.0001029	0.000137844	3.78646E-05	0.000104151	2.67126E-05	9.27016E-05
638	0	0	0	0	0	0	0	0
639	0.000951631	0.001069948	0.002018476	0.000668725	0.0002943	0.000377958	0.00058946	0.00123912
640	0	0	3.02455E-07	0	0	0	0	4.23698E-07
641	0	7.22222E-06	0.000713735	2.86554E-06	4.95813E-07	4.82606E-07	9.45765E-07	4.947E-05
642	1.03158E-05	2.75988E-06	5.04549E-07	2.11131E-06	2.57204E-07	7.83725E-07	7.12351E-07	6.06001E-07
643	0	0	1.19846E-05	1.71219E-05	5.15574E-06	0	1.00411E-05	8.76561E-06
644	0.000317803	0.000353649	1.15048E-05	7.69603E-07	3.12574E-07	1.49322E-07	2.29301E-06	1.65673E-05
645	0	0	5.24253E-06	1.7591E-06	2.84116E-06	8.12746E-07	8.8096E-07	1.17906E-06
646	1.21915E-07	8.06408E-07	5.9069E-05	6.13532E-05	1.6318E-05	1.82852E-05	7.87362E-06	1.73061E-05
647	2.13812E-06	3.43287E-06	4.93027E-05	2.0136E-05	2.42881E-06	7.30111E-06	9.39611E-06	3.10608E-05
648	1.73027E-05	2.31487E-06	3.51708E-07	6.07385E-07	1.01346E-06	8.01327E-07	3.37999E-08	4.11144E-07
649	0	0	0	0	0	0	0	0
650	0	4.45197E-08	1.71533E-05	4.42365E-06	1.66991E-06	1.41364E-06	9.97213E-07	5.54819E-06
651	0	5.94373E-08	1.60446E-07	6.57818E-08	0	0	0	7.3399E-08
652	7.04246E-05	3.67889E-05	0.000481353	0.000420898	0.000117181	9.23823E-05	0.000217011	0.000319744
653	4.69472E-05	1.9067E-05	0.000364338	0.000351037	8.47921E-05	0.000101769	0.000197312	0.000341293
654	1.08784E-06	2.11729E-06	9.16736E-05	5.80396E-05	2.70033E-05	2.74874E-05	3.76256E-05	4.30313E-05
655	6.48086E-06	8.71E-06	9.93125E-06	5.47113E-06	7.35839E-07	2.19928E-06	1.77479E-06	1.67336E-06
656	0	0	5.96218E-07	6.49816E-06	1.7446E-06	1.98612E-06	5.49083E-07	3.51175E-06
657	0.00015576	0.000198613	0.000393423	0.00042261	0.000114339	0.000150648	9.7091E-05	0.000162679
658	0.000442786	0.000816231	0.00106513	0.001338065	0.002516888	0.002323944	0.00194899	0.001468135
659	0.000351404	0.00030794	0.000227944	0.000300621	0.000169503	0.000294382	0.000112184	0.000165164
660	5.22647E-05	5.03054E-05	0.00017269	0.000132584	1.76336E-05	2.93109E-05	8.33137E-05	5.61546E-05
661	0.001402172	0.001132678	0.0003991	0.000524462	9.39165E-05	0.000198571	0.000128251	0.000236721
662	1.55209E-05	1.53539E-05	1.73739E-06	1.63429E-05	1.40349E-06	5.27282E-07	5.54472E-07	6.31988E-06
663	0	0	5.59284E-08	3.16159E-07	6.11835E-08	1.41155E-07	0	2.03852E-08
664	0.000104365	0.000268906	0.002011365	0.000712432	0.000143335	0.000162708	0.00038158	0.000759414
665	3.59486E-06	7.7354E-06	3.20605E-07	2.05226E-06	1.22398E-05	1.30517E-05	2.29781E-06	1.30268E-06
666	8.73141E-06	6.50656E-06	1.35371E-05	1.90842E-05	8.94032E-06	2.7419E-05	2.34881E-06	5.03359E-06
667	0.000141582	5.10059E-05	0.000516962	0.000657015	0.00015119	0.000260848	0.000253883	0.000358152
668	0.000595598	0.000497053	0.002994873	0.00303056	0.001722188	0.001624936	0.000838046	0.001753372
669	4.40876E-05	6.53536E-05	0.000452999	0.000481938	6.38198E-05	0.000122344	0.000235812	0.00045129
670	0.002202577	0.001747361	0.007415083	0.005942303	0.001119736	0.002172884	0.002879225	0.004101503
671	9.48286E-08	1.26747E-07	4.79202E-06	2.18423E-06	3.91476E-06	1.3515E-06	0	2.85031E-07
672	0.000260445	0.000104177	0.010024461	0.003859608	0.000801328	0.002386677	0.003313162	0.004453451
673	0	0	0	0	0	0	0	0
674	0	0	1.61303E-06	1.44632E-06	2.22733E-05	2.28731E-05	2.97423E-05	2.55398E-05
675	6.28469E-06	1.14605E-06	0	2.10032E-05	4.41552E-06	0	3.15124E-06	9.19944E-08
676	0.000150769	0.000150381	0.000982479	0.001050208	0.000506247	0.000663024	0.000518798	0.000886401
677	3.8314E-06	3.71621E-06	8.17909E-05	7.71075E-05	3.5143E-05	3.96075E-05	4.8778E-05	9.80531E-05
678	0	0	4.94562E-08	0	0	0	0	0
679	0.079428482	0.105490117	1.34273E-05	5.99263E-06	2.88372E-06	0	6.56806E-08	1.67692E-05
680	0	0	0	0	0	0	0	0
681	0.349805348	0.240985417	0.306385197	0.13003501	0.107854461	0.057695746	0.0530739	0.073625049
682	0	0	0	0	0	0	0	0
683	0	0	0	0	0	0	0	0
684	6.71337E-05	2.97417E-05	1.20382E-06	4.72248E-06	3.51641E-06	6.7095E-08	8.41444E-07	5.01061E-07
685	0	0	1.25401E-06	1.79534E-07	6.81354E-08	3.04738E-07	0	0
686	4.69168E-05	4.09815E-07	9.7698E-07	0	0	0	0	0
687	1.11965E-07	0	1.09845E-07	0	0	0	0	0
688	0.000881058	0.000490235	0.000785593	0.000252693	4.98336E-05	7.44007E-05	0.000158946	0.000345651
689	1.69883E-05	1.68695E-05	3.67868E-05	6.14807E-05	2.30508E-05	2.6508E-05	2.01308E-05	2.97266E-05
690	0	0	0	0	0	0	0	0
691	0	0	0	0	0	0	0	0
692	1.51981E-05	1.07726E-06	1.25158E-05	1.14785E-05	1.95188E-06	3.52486E-06	4.2991E-06	7.35646E-06
693	0	0	0	0	0	0	0	0
694	0	0	0	0	0	0	0	0
695	0.001695511	0.002377575	0.001692484	0.002008973	0.000972426	0.001242733	0.000802329	0.001158983
696	1.49883E-05	8.35206E-06	0.000442692	0.000574628	8.32585E-05	0.000115047	0.000217329	0.000383038
697	1.36065E-06	7.01939E-07	3.2954E-06	4.38474E-07	0	2.07065E-06	1.96636E-06	0
698	1.20469E-07	0	0	0	0	0	0	0
699	0	0	0	7.04782E-07	0	0	0	0
700	0	0	0	0	0	0	0	0
701	0	0	0	0	0	0	0	0
702	0.00039381	0.00124743	0.000429913	0.0002101	7.28021E-05	0.000116265	6.94319E-05	0.000333415
703	8.48581E-05	3.16345E-05	1.65037E-05	1.75433E-05	7.91671E-06	1.50948E-05	1.73494E-05	2.77984E-05
704	0	0	0	0	0	0	0	0
705	0	0	0	0	0	0	1.46922E-06	0
706	0	0	0	0	0	0	0	0
707	0.000498828	0.000461371	5.3961E-05	8.35517E-05	4.26197E-05	4.32434E-05	5.51149E-05	7.88882E-05
708	6.08464E-06	1.71945E-05	5.2459E-05	1.61776E-05	1.05197E-06	9.17748E-06	2.32329E-05	7.30641E-06
709	0	0	3.45584E-07	0	0	0	0	0
710	5.6339E-05	4.2063E-05	4.90333E-05	5.24167E-05	3.20727E-05	9.43361E-06	1.68109E-05	1.58584E-05
711	2.5795E-06	3.74944E-07	7.66973E-06	2.05343E-06	8.40397E-07	0	1.14718E-06	1.34151E-07
712	0	0	0	0	0	0	0	0
713	0	0	0	0	0	0	0	0
714	7.12074E-05	9.61118E-05	0.000234167	0.000102245	8.36087E-05	0.000116805	0.000252834	0.000143324
715	0	0	4.27427E-07	0	0	0	0	5.76529E-06
716	0	0	0	0	0	0	0	0
717	0.000165393	0.000111846	2.17346E-05	3.08758E-05	1.53053E-05	1.92191E-05	1.47195E-05	1.94137E-05
718	2.1779E-07	0	1.00755E-07	8.05051E-08	0	3.83792E-07	0	0
719	0	0	0	0	0	0	0	0
720	0	0	1.51774E-05	5.24482E-08	0	0	0	2.06446E-08
721	0	0	0	0	0	0	0	0
722	0	0	0	0	0	0	0	0
723	0	0	0	0	7.67813E-07	0	0	4.45835E-08
724	0.001362329	0.001824012	0.000144167	0.000179791	2.93794E-05	6.29913E-05	0.000111267	0.00018782
725	0.001201885	0.001141673	0.000842689	0.001362639	0.000915145	0.001209426	0.001815574	0.001223269
726	3.36231E-05	5.73549E-05	0	1.23646E-07	4.71135E-07	5.1609E-06	3.10925E-07	4.48747E-08
727	0	0	0	0	0	0	0	0
728	1.33678E-05	2.51281E-05	7.07712E-06	1.14613E-06	3.16485E-06	6.05663E-06	6.38463E-06	1.33726E-06
729	0.003331538	0.002557571	0.005779004	0.002052449	0.00028361	0.000596004	0.001547924	0.002435471
730	0	0	0	0	0	0	0	0
731	0.000394314	0.000155565	0.000651776	0.000614165	0.00010524	0.000154826	0.000181837	0.000429694
732	0	0	7.86493E-07	5.84627E-07	0	7.22016E-07	1.52946E-06	1.36197E-06
733	0	0	7.40715E-07	3.2705E-06	0	0	0	0
734	2.69356E-05	1.57276E-05	2.80998E-06	1.02158E-05	0	1.19924E-05	0	4.94359E-07
735	0.003860128	0.000865497	0.003100285	0.000999405	0.000835489	0.000638637	0.000829058	0.001304896
736	0.000603037	9.98126E-05	2.69623E-08	8.45588E-06	1.87412E-07	1.6406E-06	1.45949E-06	1.91836E-05
737	0	0	0	0	0	0	0	0
738	6.17857E-07	2.01429E-07	7.34442E-06	2.01314E-07	1.39368E-06	1.11664E-07	1.07585E-07	2.01699E-06
739	0.015953936	0.014672889	0.000849095	0.000814504	0.000313764	0.000529848	0.000622745	0.000867592
740	0	0	3.83746E-06	2.96525E-06	1.26755E-06	0	1.6051E-07	1.20305E-06
741	1.13757E-05	0	5.28808E-05	3.45126E-05	1.00744E-06	1.49695E-05	1.50521E-05	2.49676E-05
742	0	0	0	0	0	0	0	0
743	0	0	0	0	0	0	0	0
744	0	0	0	0	0	0	0	0
745	0	0	0	0	0	0	0	0
746	0	0	0	0	0	6.57918E-08	0	0
747	0	0	0	0	0	0	0	0
748	0	0	0	0	0	0	0	0
749	3.80144E-06	2.56357E-06	7.99294E-06	4.15259E-08	0	0	3.52578E-06	4.9364E-06
750	0	0	2.1697E-06	0	0	0	0	1.25306E-06
751	0.017842595	0.037305438	0.059682737	0.023453987	0.012775732	0.011695698	0.019405257	0.029300041
752	0.305796807	0.466700446	0.989759215	0.961977463	0.595866378	0.671813527	0.642944171	1.030478211
753	3.47042E-05	4.12642E-05	0.00018054	2.27185E-05	5.35292E-06	1.75363E-05	1.5882E-05	0.000142262
754	0	0	0	0	0	0	0	0
755	0	0	0	0	0	0	0	0
756	0	0	0	0	0	0	0	0
757	0.002151762	0.000273133	0.001583185	0.003829373	0.000271071	0.001933148	0.000591402	0.000269149
758	6.26545E-07	7.21033E-07	0	0	0	0	0	1.88596E-06
759	0.057054728	0.072941605	0.142242452	0.156835385	0.160868833	0.209187819	0.222893797	0.335120652
760	0.000418277	0.000410309	0.011173589	0.00236904	0.000845655	0.001573441	0.00130518	0.003896405
761	0.000744942	0.001157427	0.005297956	0.006079772	0.00374001	0.003708462	0.003265608	0.003949321
762	0	0	0	0	0	0	0	0
763	0.000569445	0.000345416	3.64342E-05	5.73826E-05	2.01007E-05	2.63544E-05	2.61858E-05	5.11499E-05
764	0	0	0	0	0	0	0	0
765	0	0	0	0	0	0	5.22411E-07	0
766	0	4.40983E-08	0	0	0	0	0	0
767	0	0	3.60588E-05	1.69493E-05	3.55129E-05	1.01085E-07	6.72473E-08	6.04978E-07
768	0	0	0.000102963	2.54284E-05	0	1.38175E-07	3.12587E-06	2.45591E-06
